{
    "models": [
        {
            "model": {
                "filePath": "Data/models/plane.obj",
                "rotation": "[-0.8997464179992676,0.3007279932498932,-0.31642597913742065,0.0,-0.3957130014896393,-0.25581228733062744,0.8820666670799255,0.0,0.18432021141052246,0.9187998175621033,0.3490980267524719,0.0,0.0,0.0,0.0,1.0]",
                "scale": "[1.0,1.0,1.0]",
                "translation": "[5.549997806549072,0.0,-13.124979019165039]"
            }
        },
        {
            "model": {
                "filePath": "Data/models/plane.obj",
                "rotation": "[1.0,0.0,-0.0,0.0,-0.0,0.16995489597320557,-0.9854521155357361,0.0,0.0,0.9854521155357361,0.16995489597320557,0.0,0.0,0.0,0.0,1.0]",
                "scale": "[1.0,1.0,1.0]",
                "translation": "[2.1750004291534424,0.0,-5.774997234344482]"
            }
        },
        {
            "model": {
                "filePath": "Data/models/plane.obj",
                "rotation": "[1.0,0.0,0.0,0.0,0.0,0.0707021951675415,0.9974998831748962,0.0,0.0,-0.9974998831748962,0.0707021951675415,0.0,0.0,0.0,0.0,1.0]",
                "scale": "[1.0,1.0,1.0]",
                "translation": "[-0.3749999403953552,0.0,1.350000023841858]"
            }
        },
        {
            "model": {
                "filePath": "Data/models/plane.obj",
                "rotation": "[-0.8581103086471558,-0.15570685267448425,-0.48930951952934265,0.0,-0.5117614269256592,0.1812816858291626,0.8397896885871887,0.0,-0.042055100202560425,0.9710313677787781,-0.23525285720825195,0.0,0.0,0.0,0.0,1.0]",
                "scale": "[0.8528202176094055,0.8528202176094055,0.8528202176094055]",
                "translation": "[-1.9500000476837158,0.0,-5.25]"
            }
        }
    ]
}
