{
    "models": [
        {
            "model": {
                "rotation": "[0.896052360534668,0.4439485967159271,2.9802322387695313e-08,0.0,-0.28286221623420715,0.5709201097488403,0.7707399129867554,0.0,0.34216853976249695,-0.69062340259552,0.6371504664421082,0.0,0.0,0.0,0.0,1.0]",
                "scale": "[2.067568778991699,2.067568778991699,2.067568778991699]",
                "translation": "[-6.74999475479126,0.0,-3.225001096725464]"
            }
        },
        {
            "model": {
                "rotation": "[0.622488260269165,0.6442183256149292,-0.44440048933029175,0.0,-0.524315357208252,0.7648419141769409,0.3743135333061218,0.0,0.5810356736183167,-1.1920928955078125e-07,0.8138782978057861,0.0,0.0,0.0,0.0,1.0]",
                "scale": "[1.0,1.0,1.0]",
                "translation": "[0.0,0.0,0.0]"
            }
        },
        {
            "model": {
                "rotation": "[-0.06927239894866943,0.35966944694519043,-0.9305071830749512,0.0,0.7235534191131592,0.6602516174316406,0.2013443261384964,0.0,0.6867867708206177,-0.6593231558799744,-0.305977463722229,0.0,0.0,0.0,0.0,1.0]",
                "scale": "[1.0,1.0,1.0]",
                "translation": "[6.224996089935303,0.0,-2.850001096725464]"
            }
        },
        {
            "model": {
                "rotation": "[0.28235557675361633,-0.11419732123613358,0.9524900317192078,0.0,-0.3631371855735779,0.9062807559967041,0.21630561351776123,0.0,-0.8879245519638062,-0.4069587290287018,0.21442440152168274,0.0,0.0,0.0,0.0,1.0]",
                "scale": "[1.7114098072052002,1.7114098072052002,1.7114098072052002]",
                "translation": "[0.0,0.0,-15.449973106384277]"
            }
        },
        {
            "model": {
                "rotation": "[1.0,0.0,0.0,0.0,0.0,1.0,0.0,0.0,0.0,0.0,1.0,0.0,0.0,0.0,0.0,1.0]",
                "scale": "[0.4694352149963379,0.4694352149963379,0.4694352149963379]",
                "translation": "[-8.849989891052246,0.0,-17.624988555908203]"
            }
        },
        {
            "model": {
                "rotation": "[0.5897887945175171,0.0,-0.8075588941574097,0.0,0.0,1.0,0.0,0.0,0.8075588941574097,0.0,0.5897887945175171,0.0,0.0,0.0,0.0,1.0]",
                "scale": "[2.19476580619812,2.19476580619812,9.28937816619873]",
                "translation": "[13.124979019165039,0.0,-25.20006561279297]"
            }
        }
    ]
}
