{
    "models": [
        {
            "model": {
                "filePath": "Data/models/cube.obj",
                "rotation": "[0.8960521817207336,0.44394877552986145,3.5762786865234375e-07,0.0,-0.2828620970249176,0.5709192752838135,0.7707399725914001,0.0,0.3421688675880432,-0.6906233429908752,0.6371497511863708,0.0,0.0,0.0,0.0,1.0]",
                "scale": "[2.067568778991699,2.067568778991699,2.067568778991699]",
                "translation": "[-6.74999475479126,0.0,-3.225001096725464]"
            }
        },
        {
            "model": {
                "filePath": "Data/models/cube.obj",
                "rotation": "[0.6224877238273621,0.644218385219574,-0.4444003999233246,0.0,-0.5243152976036072,0.7648415565490723,0.3743138313293457,0.0,0.5810357332229614,1.4901161193847656e-07,0.813878059387207,0.0,0.0,0.0,0.0,1.0]",
                "scale": "[1.0,1.0,1.0]",
                "translation": "[0.0,0.0,0.0]"
            }
        },
        {
            "model": {
                "filePath": "Data/models/cube.obj",
                "rotation": "[-0.06927239894866943,0.35966941714286804,-0.9305071830749512,0.0,0.7235534191131592,0.6602516174316406,0.2013443112373352,0.0,0.6867867708206177,-0.6593231558799744,-0.305977463722229,0.0,0.0,0.0,0.0,1.0]",
                "scale": "[1.0,1.0,1.0]",
                "translation": "[6.224996089935303,0.0,-2.850001096725464]"
            }
        },
        {
            "model": {
                "filePath": "Data/models/cube.obj",
                "rotation": "[0.2823507785797119,-0.11419835686683655,0.9524902105331421,0.0,-0.36313825845718384,0.9062796831130981,0.2163049280643463,0.0,-0.887924313545227,-0.4069593846797943,0.21441900730133057,0.0,0.0,0.0,0.0,1.0]",
                "scale": "[1.7114098072052002,1.7114098072052002,1.7114098072052002]",
                "translation": "[0.0,0.0,-15.449973106384277]"
            }
        },
        {
            "model": {
                "filePath": "Data/models/cube.obj",
                "rotation": "[0.9902159571647644,0.0,-0.13954344391822815,0.0,0.0,1.0,0.0,0.0,0.13954344391822815,0.0,0.9902159571647644,0.0,0.0,0.0,0.0,1.0]",
                "scale": "[0.5134142637252808,0.5134142637252808,0.5134142637252808]",
                "translation": "[-9.67498779296875,2.400000810623169,-17.624988555908203]"
            }
        },
        {
            "model": {
                "filePath": "Data/models/cube.obj",
                "rotation": "[0.5897870659828186,0.0,-0.8075588345527649,0.0,0.0,1.0,0.0,0.0,0.8075588345527649,0.0,0.5897870659828186,0.0,0.0,0.0,0.0,1.0]",
                "scale": "[2.19476580619812,2.19476580619812,9.28937816619873]",
                "translation": "[13.124979019165039,0.0,-25.20006561279297]"
            }
        },
        {
            "model": {
                "filePath": "Data/models/cube.obj",
                "rotation": "[0.8960521817207336,0.44394877552986145,3.5762786865234375e-07,0.0,-0.2828620970249176,0.5709192752838135,0.7707399725914001,0.0,0.3421688675880432,-0.6906233429908752,0.6371497511863708,0.0,0.0,0.0,0.0,1.0]",
                "scale": "[2.067568778991699,2.067568778991699,2.067568778991699]",
                "translation": "[-6.74999475479126,0.0,-3.225001096725464]"
            }
        },
        {
            "model": {
                "filePath": "Data/models/cube.obj",
                "rotation": "[0.6224877238273621,0.644218385219574,-0.4444003999233246,0.0,-0.5243152976036072,0.7648415565490723,0.3743138313293457,0.0,0.5810357332229614,1.4901161193847656e-07,0.813878059387207,0.0,0.0,0.0,0.0,1.0]",
                "scale": "[1.0,1.0,1.0]",
                "translation": "[0.0,0.0,0.0]"
            }
        },
        {
            "model": {
                "filePath": "Data/models/cube.obj",
                "rotation": "[-0.06927239894866943,0.35966941714286804,-0.9305071830749512,0.0,0.7235534191131592,0.6602516174316406,0.2013443112373352,0.0,0.6867867708206177,-0.6593231558799744,-0.305977463722229,0.0,0.0,0.0,0.0,1.0]",
                "scale": "[1.0,1.0,1.0]",
                "translation": "[3.675001382827759,0.0,-12.149981498718262]"
            }
        },
        {
            "model": {
                "filePath": "Data/models/cube.obj",
                "rotation": "[0.2823507785797119,-0.11419835686683655,0.9524902105331421,0.0,-0.36313825845718384,0.9062796831130981,0.2163049280643463,0.0,-0.887924313545227,-0.4069593846797943,0.21441900730133057,0.0,0.0,0.0,0.0,1.0]",
                "scale": "[1.7114098072052002,1.7114098072052002,1.7114098072052002]",
                "translation": "[0.0,0.0,-15.449973106384277]"
            }
        },
        {
            "model": {
                "filePath": "Data/models/cube.obj",
                "rotation": "[0.9902159571647644,0.0,-0.13954344391822815,0.0,0.0,1.0,0.0,0.0,0.13954344391822815,0.0,0.9902159571647644,0.0,0.0,0.0,0.0,1.0]",
                "scale": "[0.5134142637252808,0.5134142637252808,0.5134142637252808]",
                "translation": "[-9.67498779296875,2.400000810623169,-17.624988555908203]"
            }
        },
        {
            "model": {
                "filePath": "Data/models/cube.obj",
                "rotation": "[0.5897870659828186,0.0,-0.8075588345527649,0.0,0.0,1.0,0.0,0.0,0.8075588345527649,0.0,0.5897870659828186,0.0,0.0,0.0,0.0,1.0]",
                "scale": "[2.19476580619812,2.19476580619812,9.28937816619873]",
                "translation": "[13.124979019165039,0.0,-25.20006561279297]"
            }
        },
        {
            "model": {
                "filePath": "Data/models/cube.obj",
                "rotation": "[0.8960521817207336,0.44394877552986145,3.5762786865234375e-07,0.0,-0.2828620970249176,0.5709192752838135,0.7707399725914001,0.0,0.3421688675880432,-0.6906233429908752,0.6371497511863708,0.0,0.0,0.0,0.0,1.0]",
                "scale": "[2.067568778991699,2.067568778991699,2.067568778991699]",
                "translation": "[-6.74999475479126,0.0,-3.225001096725464]"
            }
        },
        {
            "model": {
                "filePath": "Data/models/cube.obj",
                "rotation": "[0.6224877238273621,0.644218385219574,-0.4444003999233246,0.0,-0.5243152976036072,0.7648415565490723,0.3743138313293457,0.0,0.5810357332229614,1.4901161193847656e-07,0.813878059387207,0.0,0.0,0.0,0.0,1.0]",
                "scale": "[1.0,1.0,1.0]",
                "translation": "[0.0,0.0,0.0]"
            }
        },
        {
            "model": {
                "filePath": "Data/models/cube.obj",
                "rotation": "[-0.06927239894866943,0.35966941714286804,-0.9305071830749512,0.0,0.7235534191131592,0.6602516174316406,0.2013443112373352,0.0,0.6867867708206177,-0.6593231558799744,-0.305977463722229,0.0,0.0,0.0,0.0,1.0]",
                "scale": "[1.0,1.0,1.0]",
                "translation": "[6.224996089935303,0.0,-2.850001096725464]"
            }
        },
        {
            "model": {
                "filePath": "Data/models/cube.obj",
                "rotation": "[0.2823507785797119,-0.11419835686683655,0.9524902105331421,0.0,-0.36313825845718384,0.9062796831130981,0.2163049280643463,0.0,-0.887924313545227,-0.4069593846797943,0.21441900730133057,0.0,0.0,0.0,0.0,1.0]",
                "scale": "[1.7114098072052002,1.7114098072052002,1.7114098072052002]",
                "translation": "[0.0,0.0,-15.449973106384277]"
            }
        },
        {
            "model": {
                "filePath": "Data/models/cube.obj",
                "rotation": "[0.9902159571647644,0.0,-0.13954344391822815,0.0,0.0,1.0,0.0,0.0,0.13954344391822815,0.0,0.9902159571647644,0.0,0.0,0.0,0.0,1.0]",
                "scale": "[0.5134142637252808,0.5134142637252808,0.5134142637252808]",
                "translation": "[-9.67498779296875,2.400000810623169,-17.624988555908203]"
            }
        },
        {
            "model": {
                "filePath": "Data/models/cube.obj",
                "rotation": "[0.5897870659828186,0.0,-0.8075588345527649,0.0,0.0,1.0,0.0,0.0,0.8075588345527649,0.0,0.5897870659828186,0.0,0.0,0.0,0.0,1.0]",
                "scale": "[2.19476580619812,2.19476580619812,9.28937816619873]",
                "translation": "[13.124979019165039,0.0,-25.20006561279297]"
            }
        },
        {
            "model": {
                "filePath": "Data/models/cube.obj",
                "rotation": "[0.8960521817207336,0.44394877552986145,3.5762786865234375e-07,0.0,-0.2828620970249176,0.5709192752838135,0.7707399725914001,0.0,0.3421688675880432,-0.6906233429908752,0.6371497511863708,0.0,0.0,0.0,0.0,1.0]",
                "scale": "[2.067568778991699,2.067568778991699,2.067568778991699]",
                "translation": "[-6.74999475479126,0.0,-3.225001096725464]"
            }
        },
        {
            "model": {
                "filePath": "Data/models/cube.obj",
                "rotation": "[0.6224877238273621,0.644218385219574,-0.4444003999233246,0.0,-0.5243152976036072,0.7648415565490723,0.3743138313293457,0.0,0.5810357332229614,1.4901161193847656e-07,0.813878059387207,0.0,0.0,0.0,0.0,1.0]",
                "scale": "[1.0,1.0,1.0]",
                "translation": "[0.0,0.0,0.0]"
            }
        },
        {
            "model": {
                "filePath": "Data/models/cube.obj",
                "rotation": "[-0.06927239894866943,0.35966941714286804,-0.9305071830749512,0.0,0.7235534191131592,0.6602516174316406,0.2013443112373352,0.0,0.6867867708206177,-0.6593231558799744,-0.305977463722229,0.0,0.0,0.0,0.0,1.0]",
                "scale": "[1.0,1.0,1.0]",
                "translation": "[6.224996089935303,0.0,-2.850001096725464]"
            }
        },
        {
            "model": {
                "filePath": "Data/models/cube.obj",
                "rotation": "[0.2823507785797119,-0.11419835686683655,0.9524902105331421,0.0,-0.36313825845718384,0.9062796831130981,0.2163049280643463,0.0,-0.887924313545227,-0.4069593846797943,0.21441900730133057,0.0,0.0,0.0,0.0,1.0]",
                "scale": "[1.7114098072052002,1.7114098072052002,1.7114098072052002]",
                "translation": "[0.0,0.0,-15.449973106384277]"
            }
        },
        {
            "model": {
                "filePath": "Data/models/cube.obj",
                "rotation": "[0.9902159571647644,0.0,-0.13954344391822815,0.0,0.0,1.0,0.0,0.0,0.13954344391822815,0.0,0.9902159571647644,0.0,0.0,0.0,0.0,1.0]",
                "scale": "[0.5134142637252808,0.5134142637252808,0.5134142637252808]",
                "translation": "[-9.67498779296875,2.400000810623169,-17.624988555908203]"
            }
        },
        {
            "model": {
                "filePath": "Data/models/cube.obj",
                "rotation": "[0.5897870659828186,0.0,-0.8075588345527649,0.0,0.0,1.0,0.0,0.0,0.8075588345527649,0.0,0.5897870659828186,0.0,0.0,0.0,0.0,1.0]",
                "scale": "[2.19476580619812,2.19476580619812,9.28937816619873]",
                "translation": "[13.124979019165039,0.0,-25.20006561279297]"
            }
        },
        {
            "model": {
                "filePath": "Data/models/cube.obj",
                "rotation": "[0.8960521817207336,0.44394877552986145,3.5762786865234375e-07,0.0,-0.2828620970249176,0.5709192752838135,0.7707399725914001,0.0,0.3421688675880432,-0.6906233429908752,0.6371497511863708,0.0,0.0,0.0,0.0,1.0]",
                "scale": "[2.067568778991699,2.067568778991699,2.067568778991699]",
                "translation": "[-6.74999475479126,0.0,-3.225001096725464]"
            }
        },
        {
            "model": {
                "filePath": "Data/models/cube.obj",
                "rotation": "[0.6224877238273621,0.644218385219574,-0.4444003999233246,0.0,-0.5243152976036072,0.7648415565490723,0.3743138313293457,0.0,0.5810357332229614,1.4901161193847656e-07,0.813878059387207,0.0,0.0,0.0,0.0,1.0]",
                "scale": "[1.0,1.0,1.0]",
                "translation": "[0.0,0.0,0.0]"
            }
        },
        {
            "model": {
                "filePath": "Data/models/cube.obj",
                "rotation": "[-0.06927239894866943,0.35966941714286804,-0.9305071830749512,0.0,0.7235534191131592,0.6602516174316406,0.2013443112373352,0.0,0.6867867708206177,-0.6593231558799744,-0.305977463722229,0.0,0.0,0.0,0.0,1.0]",
                "scale": "[1.0,1.0,1.0]",
                "translation": "[6.224996089935303,0.0,-2.850001096725464]"
            }
        },
        {
            "model": {
                "filePath": "Data/models/cube.obj",
                "rotation": "[0.2823507785797119,-0.11419835686683655,0.9524902105331421,0.0,-0.36313825845718384,0.9062796831130981,0.2163049280643463,0.0,-0.887924313545227,-0.4069593846797943,0.21441900730133057,0.0,0.0,0.0,0.0,1.0]",
                "scale": "[1.7114098072052002,1.7114098072052002,1.7114098072052002]",
                "translation": "[0.0,0.0,-15.449973106384277]"
            }
        },
        {
            "model": {
                "filePath": "Data/models/cube.obj",
                "rotation": "[0.9902159571647644,0.0,-0.13954344391822815,0.0,0.0,1.0,0.0,0.0,0.13954344391822815,0.0,0.9902159571647644,0.0,0.0,0.0,0.0,1.0]",
                "scale": "[0.5134142637252808,0.5134142637252808,0.5134142637252808]",
                "translation": "[-9.67498779296875,2.400000810623169,-17.624988555908203]"
            }
        },
        {
            "model": {
                "filePath": "Data/models/cube.obj",
                "rotation": "[0.5897870659828186,0.0,-0.8075588345527649,0.0,0.0,1.0,0.0,0.0,0.8075588345527649,0.0,0.5897870659828186,0.0,0.0,0.0,0.0,1.0]",
                "scale": "[2.19476580619812,2.19476580619812,9.28937816619873]",
                "translation": "[13.124979019165039,0.0,-25.20006561279297]"
            }
        },
        {
            "model": {
                "filePath": "Data/models/cube.obj",
                "rotation": "[0.8960521817207336,0.44394877552986145,3.5762786865234375e-07,0.0,-0.2828620970249176,0.5709192752838135,0.7707399725914001,0.0,0.3421688675880432,-0.6906233429908752,0.6371497511863708,0.0,0.0,0.0,0.0,1.0]",
                "scale": "[2.067568778991699,2.067568778991699,2.067568778991699]",
                "translation": "[-6.74999475479126,0.0,-3.225001096725464]"
            }
        },
        {
            "model": {
                "filePath": "Data/models/cube.obj",
                "rotation": "[0.6224877238273621,0.644218385219574,-0.4444003999233246,0.0,-0.5243152976036072,0.7648415565490723,0.3743138313293457,0.0,0.5810357332229614,1.4901161193847656e-07,0.813878059387207,0.0,0.0,0.0,0.0,1.0]",
                "scale": "[1.0,1.0,1.0]",
                "translation": "[0.0,0.0,0.0]"
            }
        },
        {
            "model": {
                "filePath": "Data/models/cube.obj",
                "rotation": "[-0.06927239894866943,0.35966941714286804,-0.9305071830749512,0.0,0.7235534191131592,0.6602516174316406,0.2013443112373352,0.0,0.6867867708206177,-0.6593231558799744,-0.305977463722229,0.0,0.0,0.0,0.0,1.0]",
                "scale": "[1.0,1.0,1.0]",
                "translation": "[6.224996089935303,0.0,-2.850001096725464]"
            }
        },
        {
            "model": {
                "filePath": "Data/models/cube.obj",
                "rotation": "[0.2823507785797119,-0.11419835686683655,0.9524902105331421,0.0,-0.36313825845718384,0.9062796831130981,0.2163049280643463,0.0,-0.887924313545227,-0.4069593846797943,0.21441900730133057,0.0,0.0,0.0,0.0,1.0]",
                "scale": "[1.7114098072052002,1.7114098072052002,1.7114098072052002]",
                "translation": "[0.0,0.0,-15.449973106384277]"
            }
        },
        {
            "model": {
                "filePath": "Data/models/cube.obj",
                "rotation": "[0.9902159571647644,0.0,-0.13954344391822815,0.0,0.0,1.0,0.0,0.0,0.13954344391822815,0.0,0.9902159571647644,0.0,0.0,0.0,0.0,1.0]",
                "scale": "[0.5134142637252808,0.5134142637252808,0.5134142637252808]",
                "translation": "[-9.67498779296875,2.400000810623169,-17.624988555908203]"
            }
        },
        {
            "model": {
                "filePath": "Data/models/cube.obj",
                "rotation": "[0.5897870659828186,0.0,-0.8075588345527649,0.0,0.0,1.0,0.0,0.0,0.8075588345527649,0.0,0.5897870659828186,0.0,0.0,0.0,0.0,1.0]",
                "scale": "[2.19476580619812,2.19476580619812,9.28937816619873]",
                "translation": "[13.124979019165039,0.0,-25.20006561279297]"
            }
        },
        {
            "model": {
                "filePath": "Data/models/cube.obj",
                "rotation": "[0.8960521817207336,0.44394877552986145,3.5762786865234375e-07,0.0,-0.2828620970249176,0.5709192752838135,0.7707399725914001,0.0,0.3421688675880432,-0.6906233429908752,0.6371497511863708,0.0,0.0,0.0,0.0,1.0]",
                "scale": "[2.067568778991699,2.067568778991699,2.067568778991699]",
                "translation": "[-6.74999475479126,0.0,-3.225001096725464]"
            }
        },
        {
            "model": {
                "filePath": "Data/models/cube.obj",
                "rotation": "[0.6224877238273621,0.644218385219574,-0.4444003999233246,0.0,-0.5243152976036072,0.7648415565490723,0.3743138313293457,0.0,0.5810357332229614,1.4901161193847656e-07,0.813878059387207,0.0,0.0,0.0,0.0,1.0]",
                "scale": "[1.0,1.0,1.0]",
                "translation": "[0.0,0.0,0.0]"
            }
        },
        {
            "model": {
                "filePath": "Data/models/cube.obj",
                "rotation": "[-0.06927239894866943,0.35966941714286804,-0.9305071830749512,0.0,0.7235534191131592,0.6602516174316406,0.2013443112373352,0.0,0.6867867708206177,-0.6593231558799744,-0.305977463722229,0.0,0.0,0.0,0.0,1.0]",
                "scale": "[1.0,1.0,1.0]",
                "translation": "[6.224996089935303,0.0,-2.850001096725464]"
            }
        },
        {
            "model": {
                "filePath": "Data/models/cube.obj",
                "rotation": "[0.2823507785797119,-0.11419835686683655,0.9524902105331421,0.0,-0.36313825845718384,0.9062796831130981,0.2163049280643463,0.0,-0.887924313545227,-0.4069593846797943,0.21441900730133057,0.0,0.0,0.0,0.0,1.0]",
                "scale": "[1.7114098072052002,1.7114098072052002,1.7114098072052002]",
                "translation": "[0.0,0.0,-15.449973106384277]"
            }
        },
        {
            "model": {
                "filePath": "Data/models/cube.obj",
                "rotation": "[0.9902159571647644,0.0,-0.13954344391822815,0.0,0.0,1.0,0.0,0.0,0.13954344391822815,0.0,0.9902159571647644,0.0,0.0,0.0,0.0,1.0]",
                "scale": "[0.5134142637252808,0.5134142637252808,0.5134142637252808]",
                "translation": "[-9.67498779296875,2.400000810623169,-17.624988555908203]"
            }
        },
        {
            "model": {
                "filePath": "Data/models/cube.obj",
                "rotation": "[0.5897870659828186,0.0,-0.8075588345527649,0.0,0.0,1.0,0.0,0.0,0.8075588345527649,0.0,0.5897870659828186,0.0,0.0,0.0,0.0,1.0]",
                "scale": "[2.19476580619812,2.19476580619812,9.28937816619873]",
                "translation": "[13.124979019165039,0.0,-25.20006561279297]"
            }
        },
        {
            "model": {
                "filePath": "Data/models/cube.obj",
                "rotation": "[0.8960521817207336,0.44394877552986145,3.5762786865234375e-07,0.0,-0.2828620970249176,0.5709192752838135,0.7707399725914001,0.0,0.3421688675880432,-0.6906233429908752,0.6371497511863708,0.0,0.0,0.0,0.0,1.0]",
                "scale": "[2.067568778991699,2.067568778991699,2.067568778991699]",
                "translation": "[-6.74999475479126,0.0,-3.225001096725464]"
            }
        },
        {
            "model": {
                "filePath": "Data/models/cube.obj",
                "rotation": "[0.6224877238273621,0.644218385219574,-0.4444003999233246,0.0,-0.5243152976036072,0.7648415565490723,0.3743138313293457,0.0,0.5810357332229614,1.4901161193847656e-07,0.813878059387207,0.0,0.0,0.0,0.0,1.0]",
                "scale": "[1.0,1.0,1.0]",
                "translation": "[0.0,0.0,0.0]"
            }
        },
        {
            "model": {
                "filePath": "Data/models/cube.obj",
                "rotation": "[-0.06927239894866943,0.35966941714286804,-0.9305071830749512,0.0,0.7235534191131592,0.6602516174316406,0.2013443112373352,0.0,0.6867867708206177,-0.6593231558799744,-0.305977463722229,0.0,0.0,0.0,0.0,1.0]",
                "scale": "[1.0,1.0,1.0]",
                "translation": "[6.224996089935303,0.0,-2.850001096725464]"
            }
        },
        {
            "model": {
                "filePath": "Data/models/cube.obj",
                "rotation": "[0.2823507785797119,-0.11419835686683655,0.9524902105331421,0.0,-0.36313825845718384,0.9062796831130981,0.2163049280643463,0.0,-0.887924313545227,-0.4069593846797943,0.21441900730133057,0.0,0.0,0.0,0.0,1.0]",
                "scale": "[1.7114098072052002,1.7114098072052002,1.7114098072052002]",
                "translation": "[0.0,0.0,-15.449973106384277]"
            }
        },
        {
            "model": {
                "filePath": "Data/models/cube.obj",
                "rotation": "[0.9902159571647644,0.0,-0.13954344391822815,0.0,0.0,1.0,0.0,0.0,0.13954344391822815,0.0,0.9902159571647644,0.0,0.0,0.0,0.0,1.0]",
                "scale": "[0.5134142637252808,0.5134142637252808,0.5134142637252808]",
                "translation": "[-9.67498779296875,2.400000810623169,-17.624988555908203]"
            }
        },
        {
            "model": {
                "filePath": "Data/models/cube.obj",
                "rotation": "[0.5897870659828186,0.0,-0.8075588345527649,0.0,0.0,1.0,0.0,0.0,0.8075588345527649,0.0,0.5897870659828186,0.0,0.0,0.0,0.0,1.0]",
                "scale": "[2.19476580619812,2.19476580619812,9.28937816619873]",
                "translation": "[13.124979019165039,0.0,-25.20006561279297]"
            }
        },
        {
            "model": {
                "filePath": "Data/models/cube.obj",
                "rotation": "[0.8960521817207336,0.44394877552986145,3.5762786865234375e-07,0.0,-0.2828620970249176,0.5709192752838135,0.7707399725914001,0.0,0.3421688675880432,-0.6906233429908752,0.6371497511863708,0.0,0.0,0.0,0.0,1.0]",
                "scale": "[2.067568778991699,2.067568778991699,2.067568778991699]",
                "translation": "[-6.74999475479126,0.0,-3.225001096725464]"
            }
        },
        {
            "model": {
                "filePath": "Data/models/cube.obj",
                "rotation": "[0.6224877238273621,0.644218385219574,-0.4444003999233246,0.0,-0.5243152976036072,0.7648415565490723,0.3743138313293457,0.0,0.5810357332229614,1.4901161193847656e-07,0.813878059387207,0.0,0.0,0.0,0.0,1.0]",
                "scale": "[1.0,1.0,1.0]",
                "translation": "[0.0,0.0,0.0]"
            }
        },
        {
            "model": {
                "filePath": "Data/models/cube.obj",
                "rotation": "[-0.06927239894866943,0.35966941714286804,-0.9305071830749512,0.0,0.7235534191131592,0.6602516174316406,0.2013443112373352,0.0,0.6867867708206177,-0.6593231558799744,-0.305977463722229,0.0,0.0,0.0,0.0,1.0]",
                "scale": "[1.0,1.0,1.0]",
                "translation": "[6.224996089935303,0.0,-2.850001096725464]"
            }
        },
        {
            "model": {
                "filePath": "Data/models/cube.obj",
                "rotation": "[0.2823507785797119,-0.11419835686683655,0.9524902105331421,0.0,-0.36313825845718384,0.9062796831130981,0.2163049280643463,0.0,-0.887924313545227,-0.4069593846797943,0.21441900730133057,0.0,0.0,0.0,0.0,1.0]",
                "scale": "[1.7114098072052002,1.7114098072052002,1.7114098072052002]",
                "translation": "[0.0,0.0,-15.449973106384277]"
            }
        },
        {
            "model": {
                "filePath": "Data/models/cube.obj",
                "rotation": "[0.9902159571647644,0.0,-0.13954344391822815,0.0,0.0,1.0,0.0,0.0,0.13954344391822815,0.0,0.9902159571647644,0.0,0.0,0.0,0.0,1.0]",
                "scale": "[0.5134142637252808,0.5134142637252808,0.5134142637252808]",
                "translation": "[-9.67498779296875,2.400000810623169,-17.624988555908203]"
            }
        },
        {
            "model": {
                "filePath": "Data/models/cube.obj",
                "rotation": "[0.5897870659828186,0.0,-0.8075588345527649,0.0,0.0,1.0,0.0,0.0,0.8075588345527649,0.0,0.5897870659828186,0.0,0.0,0.0,0.0,1.0]",
                "scale": "[2.19476580619812,2.19476580619812,9.28937816619873]",
                "translation": "[13.124979019165039,0.0,-25.20006561279297]"
            }
        }
    ]
}
